4
768

8
triangle
50 0 60
-50 0 60
50 -30 10
0.0 1.0 0.0
0.4 0.2 1.0 1.0
5

triangle
50 -30 10
-50 0 60
-50 -30 10
0.0 1.0 0.0
0.4 0.2 1.0 1.0
5

triangle
50 0 60
-50 0 60
50 30 10
0.0 1.0 0.0
0.4 0.2 1.0 1.0
5

triangle
50 30 10
-50 0 60
-50 30 10
0.0 1.0 0.0
0.4 0.2 1.0 1.0
5

triangle
50 30 10
50 -30 10
50 0 60
1.0 0.0 0.0
0.4 0.2 1.0 1.0
5

triangle
-50 30 10
-50 -30 10
-50 0 60
1.0 0.0 0.0
0.4 0.2 1.0 1.0
5

triangle
50 30 10
50 -30 10
-50 -30 10
0.0 1.0 0.0
0.4 0.2 1.0 1.0
5

triangle
50 30 10
-50 30 10
-50 -30 10
0.0 1.0 0.0
0.4 0.2 1.0 1.0
5

1
70.0 70.0 70.0
1.0 0.1 0.1

1
0 -50 45
1.0 1.0 1.0
0 1 0
12